0.999999995,0.06249999517578163,0.0,0.0,0.0,0.07272726911735555,0.03773584535421895,0.071428566454082,0.0
0.06249999517578163,0.999999995,0.0,0.03225806026534916,0.11764705414840465,0.16393442194033875,0.23728813122665904,0.11764705389273376,0.14814814358710576
0.0,0.0,0.999999995,0.025974021042335226,0.0,0.0,0.0,0.0,0.0
0.0,0.03225806026534916,0.025974021042335226,0.999999995,0.05333332844088934,0.0,0.02409638054870186,0.0,0.05128204633464874
0.0,0.11764705414840465,0.0,0.05333332844088934,0.999999995,0.05405404914536203,0.13888888395061746,0.04255318714350429,0.05970148754733836
0.07272726911735555,0.16393442194033875,0.0,0.0,0.05405404914536203,0.999999995,0.07317072671029183,0.07017543471837509,0.05194804698937474
0.03773584535421895,0.23728813122665904,0.0,0.02409638054870186,0.13888888395061746,0.07317072671029183,0.999999995,0.18181817785123974,0.07999999502222255
0.071428566454082,0.11764705389273376,0.0,0.0,0.04255318714350429,0.07017543471837509,0.18181817785123974,0.999999995,0.0
0.0,0.14814814358710576,0.0,0.05128204633464874,0.05970148754733836,0.05194804698937474,0.07999999502222255,0.0,0.999999995
