0.999999995,0.2553191447532821,0.17777777386666674,0.2962962915432099,0.17857142373086748,0.31999999507200005,0.2807017495106187,0.24489795478550605,0.1558441509461968
0.2553191447532821,0.999999995,0.0,0.11428570948571448,0.05405404934989084,0.10714285339285727,0.15789473218836578,0.19999999502222232,0.13793103082045194
0.17777777386666674,0.0,0.999999995,0.24242423779614333,0.0,0.14814814469135812,0.0,0.0,0.07142856806122466
0.2962962915432099,0.11428570948571448,0.24242423779614333,0.999999995,0.045454540464876576,0.1269841225396827,0.17777777280000015,0.05405404914536203,0.15384614947218947
0.17857142373086748,0.05405404934989084,0.0,0.045454540464876576,0.999999995,0.06153845696568081,0.2127659524490721,0.1538461490072322,0.14925372683448443
0.31999999507200005,0.10714285339285727,0.14814814469135812,0.1269841225396827,0.06153845696568081,0.999999995,0.18181817719008275,0.13793103048751498,0.13953487872363457
0.2807017495106187,0.15789473218836578,0.0,0.17777777280000015,0.2127659524490721,0.18181817719008275,0.999999995,0.24999999520000007,0.2058823483737025
0.24489795478550605,0.19999999502222232,0.0,0.05405404914536203,0.1538461490072322,0.13793103048751498,0.24999999520000007,0.999999995,0.09999999608888904
0.1558441509461968,0.13793103082045194,0.07142856806122466,0.15384614947218947,0.14925372683448443,0.13953487872363457,0.2058823483737025,0.09999999608888904,0.999999995
