1.0,0.8857967456445291,0.8951998600117979,0.9096714171366443,0.8963077590312274,0.9328381466638351,0.931034393632332,0.8847866610271147,0.9338476862451702
0.8857967456445291,1.0,0.7656940420747743,0.7966095665785843,0.8432224255725888,0.9201204883495134,0.8956811431753712,0.8926097037465011,0.9041037782703434
0.8951998600117979,0.7656940420747743,1.0,0.88085995896724,0.7739882610404318,0.8545241036513965,0.846980440077398,0.7844679528784708,0.8677703543013722
0.9096714171366443,0.7966095665785843,0.88085995896724,1.0,0.8398168225870616,0.8869699961732627,0.8935454136561984,0.7975012176109705,0.8689583681654879
0.8963077590312274,0.8432224255725888,0.7739882610404318,0.8398168225870616,1.0,0.9008050127147073,0.907621216171709,0.836233141631563,0.8784780588759311
0.9328381466638351,0.9201204883495134,0.8545241036513965,0.8869699961732627,0.9008050127147073,1.0,0.9403297393302431,0.9087304698809455,0.9271960684307793
0.931034393632332,0.8956811431753712,0.846980440077398,0.8935454136561984,0.907621216171709,0.9403297393302431,1.0,0.8768722659078054,0.9257323505282068
0.8847866610271147,0.8926097037465011,0.7844679528784708,0.7975012176109705,0.836233141631563,0.9087304698809455,0.8768722659078054,1.0,0.8916636453674383
0.9338476862451702,0.9041037782703434,0.8677703543013722,0.8689583681654879,0.8784780588759311,0.9271960684307793,0.9257323505282068,0.8916636453674383,1.0
