1.0,0.926330078134386,0.8769504670133431,0.8533806592795875,0.8855874189735613,0.9141680568088756,0.912448627695079,0.8885542762146095,0.9009380721396866
0.926330078134386,1.0,0.884809114967083,0.8974478111816391,0.9223362600915824,0.9434459862620894,0.9227946381147866,0.8777574601605339,0.9382744748791788
0.8769504670133431,0.884809114967083,1.0,0.8929851902948466,0.9292826496749814,0.8923511193707514,0.9133642951219103,0.8774156659266639,0.9364737660520469
0.8533806592795875,0.8974478111816391,0.8929851902948466,1.0,0.9315825704008519,0.9382144144514958,0.8881204053269647,0.8662675506708998,0.9271570527727623
0.8855874189735613,0.9223362600915824,0.9292826496749814,0.9315825704008519,1.0,0.9247358470592665,0.9419529565460348,0.9252950001688585,0.9481360735562471
0.9141680568088756,0.9434459862620894,0.8923511193707514,0.9382144144514958,0.9247358470592665,1.0,0.9001853627403386,0.8758663852902594,0.9329565240662065
0.912448627695079,0.9227946381147866,0.9133642951219103,0.8881204053269647,0.9419529565460348,0.9001853627403386,1.0,0.9143817403713683,0.9430925124305927
0.8885542762146095,0.8777574601605339,0.8774156659266639,0.8662675506708998,0.9252950001688585,0.8758663852902594,0.9143817403713683,1.0,0.8962008366097152
0.9009380721396866,0.9382744748791788,0.9364737660520469,0.9271570527727623,0.9481360735562471,0.9329565240662065,0.9430925124305927,0.8962008366097152,1.0
