0.998619953103503,0.00648643898378529,0.010825350778532195,0.022691260626535113,0.021195093812629125,0.02023656296119626,0.0198132077122187,0.011971143274862118,0.01457764279754098
0.00648643898378529,0.9983099298219678,0.0037592021214610076,0.003058117904924503,0.006290671614781382,0.006234548498435956,0.0057129949523258075,0.007063409206349403,0.006747599042023347
0.010825350778532195,0.0037592021214610076,1.0,0.016180729708572296,0.0067551257657254855,0.019302990978643218,0.00843595104860135,0.006456023064112781,0.014320130825557463
0.022691260626535113,0.003058117904924503,0.016180729708572296,0.9986996922215194,0.01201738957372564,0.01750832574336977,0.0157302869439366,0.008042159385875129,0.01349129905589816
0.021195093812629125,0.006290671614781382,0.0067551257657254855,0.01201738957372564,1.0,0.018315704390680296,0.02272565109610105,0.01115740139791891,0.009630966248385095
0.02023656296119626,0.006234548498435956,0.019302990978643218,0.01750832574336977,0.018315704390680296,1.0,0.02050570174531242,0.00987960381787586,0.02346749860790811
0.0198132077122187,0.0057129949523258075,0.00843595104860135,0.0157302869439366,0.02272565109610105,0.02050570174531242,1.0,0.011341981821199497,0.014816205239344503
0.011971143274862118,0.007063409206349403,0.006456023064112781,0.008042159385875129,0.01115740139791891,0.00987960381787586,0.011341981821199497,1.0,0.012118615899449545
0.01457764279754098,0.006747599042023347,0.014320130825557463,0.01349129905589816,0.009630966248385095,0.02346749860790811,0.014816205239344503,0.012118615899449545,1.0
